 1.00  0.04  0.00 
 2.00  0.06  0.00 
 3.00  0.08  0.00 
 4.00  0.10  0.00 
 5.00  0.00  0.02 
 6.00  0.02  0.02 
 7.00  0.04  0.02 
 8.00  0.06  0.02 
 9.00  0.08  0.02 
10.00  0.10  0.02 
11.00  0.00  0.04 
12.00  0.02  0.04 
13.00  0.04  0.04 
14.00  0.06  0.04 
15.00  0.08  0.04 
16.00  0.10  0.04 
17.00  0.00  0.06 
18.00  0.02  0.06 
19.00  0.04  0.06 
20.00  0.06  0.06 
21.00  0.08  0.06 
22.00  0.10  0.06 
23.00  0.00  0.08 
24.00  0.02  0.08 
25.00  0.04  0.08 
26.00  0.06  0.08 
27.00  0.08  0.08 
28.00  0.10  0.08 
29.00  0.00  0.10 
30.00  0.02  0.10 
31.00  0.04  0.10 
32.00  0.06  0.10 
33.00  0.08  0.10 
34.00  0.10  0.10 

    1     2     7   0.00 
    2     8     7   0.00
    2     3     8   0.00 
    3     9     8   0.00
    3     4     9   0.00 
    4    10     9   0.00
    5     6    11   0.00 
    6    12    11   0.00 
    6     7    12   0.00 
    7    13    12   0.00 
    7     8    13   0.00 
    8    14    13   0.00 
    8     9    14   0.00 
    9    15    14   0.00 
    9    10    15   0.00 
   10    16    15   0.00 
   11    12    17   0.00 
   12    18    17   0.00 
   12    13    18   0.00 
   13    19    18   0.00 
   13    14    19   0.00 
   14    20    19   0.00 
   14    15    20   0.00 
   15    21    20   0.00 
   15    16    21   0.00 
   16    22    21   0.00 
   17    18    23   0.00 
   18    24    23   0.00 
   18    19    24   0.00 
   19    25    24   0.00 
   19    20    25   0.00 
   20    26    25   0.00 
   20    21    26   0.00 
   21    27    26   0.00 
   21    22    27   0.00 
   22    28    27   0.00 
   23    24    29   0.00 
   24    30    29   0.00 
   24    25    30   0.00 
   25    31    30   0.00 
   25    26    31   0.00 
   26    32    31   0.00 
   26    27    32   0.00 
   27    33    32   0.00 
   27    28    33   0.00 
   28    34    33   0.00 

    1   110 
    4     0 
    5   110 
    6   110 
    7   110 
   29  0.00 
   30  0.00 
   31  0.00 
   32  0.00 
   33  0.00 
   34  0.00 
   10  0.00 
   16  0.00 
   22  0.00 
   28  0.00 
   34  0.00 
